 0.00000000e+00 0.00000000e+00 0.00000000e+00 1.00000000e+00
 0.00000000e+00 0.00000000e+00 3.12500000e-02 1.00000000e+00
 0.00000000e+00 0.00000000e+00 6.25000000e-02 1.00000000e+00
 0.00000000e+00 0.00000000e+00 9.37500000e-02 1.00000000e+00
 0.00000000e+00 0.00000000e+00 1.25000000e-01 1.00000000e+00
 0.00000000e+00 0.00000000e+00 1.56250000e-01 1.00000000e+00
 0.00000000e+00 0.00000000e+00 1.87500000e-01 1.00000000e+00
 0.00000000e+00 0.00000000e+00 2.18750000e-01 1.00000000e+00
 0.00000000e+00 0.00000000e+00 2.50000000e-01 1.00000000e+00
 0.00000000e+00 0.00000000e+00 2.81250000e-01 1.00000000e+00
 0.00000000e+00 0.00000000e+00 3.12500000e-01 1.00000000e+00
 0.00000000e+00 0.00000000e+00 3.43750000e-01 1.00000000e+00
 0.00000000e+00 0.00000000e+00 3.75000000e-01 1.00000000e+00
 0.00000000e+00 0.00000000e+00 4.06250000e-01 1.00000000e+00
 0.00000000e+00 0.00000000e+00 4.37500000e-01 1.00000000e+00
 0.00000000e+00 0.00000000e+00 4.68750000e-01 1.00000000e+00
 0.00000000e+00 0.00000000e+00 5.00000000e-01 1.00000000e+00
 0.00000000e+00 0.00000000e+00 5.31250000e-01 1.00000000e+00
 0.00000000e+00 0.00000000e+00 5.62500000e-01 1.00000000e+00
 0.00000000e+00 0.00000000e+00 5.93750000e-01 1.00000000e+00
 0.00000000e+00 0.00000000e+00 6.25000000e-01 1.00000000e+00
 0.00000000e+00 0.00000000e+00 6.56250000e-01 1.00000000e+00
 0.00000000e+00 0.00000000e+00 6.87500000e-01 1.00000000e+00
 0.00000000e+00 0.00000000e+00 7.18750000e-01 1.00000000e+00
 0.00000000e+00 0.00000000e+00 7.50000000e-01 1.00000000e+00
 0.00000000e+00 0.00000000e+00 7.81250000e-01 1.00000000e+00
 0.00000000e+00 0.00000000e+00 8.12500000e-01 1.00000000e+00
 0.00000000e+00 0.00000000e+00 8.43750000e-01 1.00000000e+00
 0.00000000e+00 0.00000000e+00 8.75000000e-01 1.00000000e+00
 0.00000000e+00 0.00000000e+00 9.06250000e-01 1.00000000e+00
 0.00000000e+00 0.00000000e+00 9.37500000e-01 1.00000000e+00
 0.00000000e+00 0.00000000e+00 9.68750000e-01 1.00000000e+00
 0.00000000e+00 0.00000000e+00 1.00000000e+00 1.00000000e+00
 2.18848828e-02 2.97280196e-02 1.00000000e+00 1.00000000e+00
 4.37697656e-02 5.94560392e-02 1.00000000e+00 1.00000000e+00
 6.56546503e-02 8.91840607e-02 1.00000000e+00 1.00000000e+00
 8.75395313e-02 1.18912078e-01 1.00000000e+00 1.00000000e+00
 1.09424420e-01 1.48640096e-01 1.00000000e+00 1.00000000e+00
 1.31309301e-01 1.78368121e-01 1.00000000e+00 1.00000000e+00
 1.53194189e-01 2.08096147e-01 1.00000000e+00 1.00000000e+00
 1.75079063e-01 2.37824157e-01 1.00000000e+00 1.00000000e+00
 1.96963951e-01 2.67552197e-01 1.00000000e+00 1.00000000e+00
 2.18848839e-01 2.97280192e-01 1.00000000e+00 1.00000000e+00
 2.40733713e-01 3.27008218e-01 1.00000000e+00 1.00000000e+00
 2.62618601e-01 3.56736243e-01 1.00000000e+00 1.00000000e+00
 2.84503490e-01 3.86464268e-01 1.00000000e+00 1.00000000e+00
 3.06388378e-01 4.16192293e-01 1.00000000e+00 1.00000000e+00
 3.28273267e-01 4.45920318e-01 1.00000000e+00 1.00000000e+00
 3.50158125e-01 4.75648314e-01 1.00000000e+00 1.00000000e+00
 3.72043014e-01 5.05376339e-01 1.00000000e+00 1.00000000e+00
 3.93927902e-01 5.35104394e-01 1.00000000e+00 1.00000000e+00
 4.15812790e-01 5.64832389e-01 1.00000000e+00 1.00000000e+00
 4.37697679e-01 5.94560385e-01 1.00000000e+00 1.00000000e+00
 4.59582567e-01 6.24288440e-01 1.00000000e+00 1.00000000e+00
 4.81467426e-01 6.54016435e-01 1.00000000e+00 1.00000000e+00
 5.03352344e-01 6.83744490e-01 1.00000000e+00 1.00000000e+00
 5.25237203e-01 7.13472486e-01 1.00000000e+00 1.00000000e+00
 5.47122061e-01 7.43200481e-01 1.00000000e+00 1.00000000e+00
 5.69006979e-01 7.72928536e-01 1.00000000e+00 1.00000000e+00
 5.90891838e-01 8.02656531e-01 1.00000000e+00 1.00000000e+00
 6.12776756e-01 8.32384586e-01 1.00000000e+00 1.00000000e+00
 6.34661615e-01 8.62112582e-01 1.00000000e+00 1.00000000e+00
 6.56546533e-01 8.91840637e-01 1.00000000e+00 1.00000000e+00
 6.78431392e-01 9.21568632e-01 1.00000000e+00 1.00000000e+00
